

Loan Amount: $50000.00
Annual Interest Rate: 0.07500
Years to repay: 1
Monthly Payment: $4337.85
Total Pay Back: $52054.26

 Pmt#    Payment Amount          Interest  Contrib to principle Remaining balance
    1           4337.85            312.50               4025.35          45974.64
    2           4337.85            287.34               4050.51          41924.13
    3           4337.85            262.03               4075.83          37848.30
    4           4337.85            236.55               4101.30          33747.00
    5           4337.85            210.92               4126.94          29620.06
    6           4337.85            185.13               4152.73          25467.34
    7           4337.85            159.17               4178.68          21288.65
    8           4337.85            133.05               4204.80          17083.85
    9           4337.85            106.77               4231.08          12852.77
   10           4337.85             80.33               4257.53           8595.25
   11           4337.85             53.72               4284.13           4311.11
   12           4337.85             26.94               4310.91              0.20
