

Loan Amount: $232000.00
Annual Interest Rate: 0.08250
Years to repay: 30
Monthly Payment: $1742.94
Total Pay Back: $627457.87

 Pmt#    Payment Amount          Interest  Contrib to principle Remaining balance
    1           1742.94           1595.00                147.94         231852.06
    2           1742.94           1593.98                148.96         231703.11
    3           1742.94           1592.96                149.98         231553.13
    4           1742.94           1591.93                151.01         231402.12
    5           1742.94           1590.89                152.05         231250.07
    6           1742.94           1589.84                153.09         231096.97
    7           1742.94           1588.79                154.15         230942.83
    8           1742.94           1587.73                155.21         230787.62
    9           1742.94           1586.66                156.27         230631.35
   10           1742.94           1585.59                157.35         230474.00
   11           1742.94           1584.51                158.43         230315.57
   12           1742.94           1583.42                159.52         230156.05
   13           1742.94           1582.32                160.62         229995.43
   14           1742.94           1581.22                161.72         229833.71
   15           1742.94           1580.11                162.83         229670.88
   16           1742.94           1578.99                163.95         229506.93
   17           1742.94           1577.86                165.08         229341.85
   18           1742.94           1576.73                166.21         229175.64
   19           1742.94           1575.58                167.36         229008.28
   20           1742.94           1574.43                168.51         228839.78
   21           1742.94           1573.27                169.67         228670.11
   22           1742.94           1572.11                170.83         228499.28
   23           1742.94           1570.93                172.01         228327.27
   24           1742.94           1569.75                173.19         228154.08
   25           1742.94           1568.56                174.38         227979.71
   26           1742.94           1567.36                175.58         227804.13
   27           1742.94           1566.15                176.79         227627.34
   28           1742.94           1564.94                178.00         227449.34
   29           1742.94           1563.71                179.22         227270.12
   30           1742.94           1562.48                180.46         227089.66
   31           1742.94           1561.24                181.70         226907.96
   32           1742.94           1559.99                182.95         226725.02
   33           1742.94           1558.73                184.20         226540.81
   34           1742.94           1557.47                185.47         226355.34
   35           1742.94           1556.19                186.75         226168.60
   36           1742.94           1554.91                188.03         225980.57
   37           1742.94           1553.62                189.32         225791.25
   38           1742.94           1552.31                190.62         225600.62
   39           1742.94           1551.00                191.93         225408.69
   40           1742.94           1549.68                193.25         225215.43
   41           1742.94           1548.36                194.58         225020.85
   42           1742.94           1547.02                195.92         224824.93
   43           1742.94           1545.67                197.27         224627.66
   44           1742.94           1544.32                198.62         224429.04
   45           1742.94           1542.95                199.99         224229.05
   46           1742.94           1541.57                201.36         224027.69
   47           1742.94           1540.19                202.75         223824.94
   48           1742.94           1538.80                204.14         223620.80
   49           1742.94           1537.39                205.55         223415.25
   50           1742.94           1535.98                206.96         223208.29
   51           1742.94           1534.56                208.38         222999.91
   52           1742.94           1533.12                209.81         222790.10
   53           1742.94           1531.68                211.26         222578.84
   54           1742.94           1530.23                212.71         222366.13
   55           1742.94           1528.77                214.17         222151.96
   56           1742.94           1527.29                215.64         221936.32
   57           1742.94           1525.81                217.13         221719.19
   58           1742.94           1524.32                218.62         221500.57
   59           1742.94           1522.82                220.12         221280.45
   60           1742.94           1521.30                221.64         221058.81
   61           1742.94           1519.78                223.16         220835.66
   62           1742.94           1518.25                224.69         220610.96
   63           1742.94           1516.70                226.24         220384.72
   64           1742.94           1515.14                227.79         220156.93
   65           1742.94           1513.58                229.36         219927.57
   66           1742.94           1512.00                230.94         219696.63
   67           1742.94           1510.41                232.52         219464.11
   68           1742.94           1508.82                234.12         219229.99
   69           1742.94           1507.21                235.73         218994.25
   70           1742.94           1505.59                237.35         218756.90
   71           1742.94           1503.95                238.98         218517.92
   72           1742.94           1502.31                240.63         218277.29
   73           1742.94           1500.66                242.28         218035.01
   74           1742.94           1498.99                243.95         217791.06
   75           1742.94           1497.31                245.62         217545.43
   76           1742.94           1495.62                247.31         217298.12
   77           1742.94           1493.92                249.01         217049.11
   78           1742.94           1492.21                250.73         216798.38
   79           1742.94           1490.49                252.45         216545.93
   80           1742.94           1488.75                254.19         216291.75
   81           1742.94           1487.01                255.93         216035.81
   82           1742.94           1485.25                257.69         215778.12
   83           1742.94           1483.47                259.46         215518.66
   84           1742.94           1481.69                261.25         215257.41
   85           1742.94           1479.89                263.04         214994.37
   86           1742.94           1478.09                264.85         214729.51
   87           1742.94           1476.27                266.67         214462.84
   88           1742.94           1474.43                268.51         214194.33
   89           1742.94           1472.59                270.35         213923.98
   90           1742.94           1470.73                272.21         213651.77
   91           1742.94           1468.86                274.08         213377.69
   92           1742.94           1466.97                275.97         213101.72
   93           1742.94           1465.07                277.86         212823.86
   94           1742.94           1463.16                279.77         212544.08
   95           1742.94           1461.24                281.70         212262.38
   96           1742.94           1459.30                283.63         211978.75
   97           1742.94           1457.35                285.58         211693.16
   98           1742.94           1455.39                287.55         211405.62
   99           1742.94           1453.41                289.52         211116.09
  100           1742.94           1451.42                291.52         210824.58
  101           1742.94           1449.42                293.52         210531.06
  102           1742.94           1447.40                295.54         210235.52
  103           1742.94           1445.37                297.57         209937.95
  104           1742.94           1443.32                299.62         209638.33
  105           1742.94           1441.26                301.67         209336.66
  106           1742.94           1439.19                303.75         209032.91
  107           1742.94           1437.10                305.84         208727.07
  108           1742.94           1435.00                307.94         208419.13
  109           1742.94           1432.88                310.06         208109.08
  110           1742.94           1430.75                312.19         207796.89
  111           1742.94           1428.60                314.33         207482.55
  112           1742.94           1426.44                316.50         207166.06
  113           1742.94           1424.27                318.67         206847.38
  114           1742.94           1422.08                320.86         206526.52
  115           1742.94           1419.87                323.07         206203.45
  116           1742.94           1417.65                325.29         205878.16
  117           1742.94           1415.41                327.53         205550.64
  118           1742.94           1413.16                329.78         205220.86
  119           1742.94           1410.89                332.05         204888.81
  120           1742.94           1408.61                334.33         204554.49
  121           1742.94           1406.31                336.63         204217.86
  122           1742.94           1404.00                338.94         203878.92
  123           1742.94           1401.67                341.27         203537.65
  124           1742.94           1399.32                343.62         203194.03
  125           1742.94           1396.96                345.98         202848.05
  126           1742.94           1394.58                348.36         202499.69
  127           1742.94           1392.19                350.75         202148.94
  128           1742.94           1389.77                353.16         201795.78
  129           1742.94           1387.35                355.59         201440.18
  130           1742.94           1384.90                358.04         201082.15
  131           1742.94           1382.44                360.50         200721.65
  132           1742.94           1379.96                362.98         200358.67
  133           1742.94           1377.47                365.47         199993.20
  134           1742.94           1374.95                367.99         199625.21
  135           1742.94           1372.42                370.52         199254.70
  136           1742.94           1369.88                373.06         198881.63
  137           1742.94           1367.31                375.63         198506.01
  138           1742.94           1364.73                378.21         198127.80
  139           1742.94           1362.13                380.81         197746.99
  140           1742.94           1359.51                383.43         197363.56
  141           1742.94           1356.87                386.06         196977.50
  142           1742.94           1354.22                388.72         196588.78
  143           1742.94           1351.55                391.39         196197.39
  144           1742.94           1348.86                394.08         195803.31
  145           1742.94           1346.15                396.79         195406.51
  146           1742.94           1343.42                399.52         195007.00
  147           1742.94           1340.67                402.27         194604.73
  148           1742.94           1337.91                405.03         194199.70
  149           1742.94           1335.12                407.82         193791.88
  150           1742.94           1332.32                410.62         193381.26
  151           1742.94           1329.50                413.44         192967.82
  152           1742.94           1326.65                416.28         192551.54
  153           1742.94           1323.79                419.15         192132.39
  154           1742.94           1320.91                422.03         191710.36
  155           1742.94           1318.01                424.93         191285.43
  156           1742.94           1315.09                427.85         190857.58
  157           1742.94           1312.15                430.79         190426.79
  158           1742.94           1309.18                433.75         189993.03
  159           1742.94           1306.20                436.74         189556.30
  160           1742.94           1303.20                439.74         189116.56
  161           1742.94           1300.18                442.76         188673.80
  162           1742.94           1297.13                445.81         188227.99
  163           1742.94           1294.07                448.87         187779.12
  164           1742.94           1290.98                451.96         187327.16
  165           1742.94           1287.87                455.06         186872.10
  166           1742.94           1284.75                458.19         186413.91
  167           1742.94           1281.60                461.34         185952.56
  168           1742.94           1278.42                464.51         185488.05
  169           1742.94           1275.23                467.71         185020.34
  170           1742.94           1272.01                470.92         184549.42
  171           1742.94           1268.78                474.16         184075.25
  172           1742.94           1265.52                477.42         183597.83
  173           1742.94           1262.24                480.70         183117.13
  174           1742.94           1258.93                484.01         182633.12
  175           1742.94           1255.60                487.34         182145.79
  176           1742.94           1252.25                490.69         181655.10
  177           1742.94           1248.88                494.06         181161.04
  178           1742.94           1245.48                497.46         180663.58
  179           1742.94           1242.06                500.88         180162.71
  180           1742.94           1238.62                504.32         179658.39
  181           1742.94           1235.15                507.79         179150.60
  182           1742.94           1231.66                511.28         178639.32
  183           1742.94           1228.15                514.79         178124.53
  184           1742.94           1224.61                518.33         177606.20
  185           1742.94           1221.04                521.90         177084.30
  186           1742.94           1217.45                525.48         176558.82
  187           1742.94           1213.84                529.10         176029.72
  188           1742.94           1210.20                532.73         175496.99
  189           1742.94           1206.54                536.40         174960.59
  190           1742.94           1202.85                540.08         174420.50
  191           1742.94           1199.14                543.80         173876.71
  192           1742.94           1195.40                547.54         173329.17
  193           1742.94           1191.64                551.30         172777.87
  194           1742.94           1187.85                555.09         172222.78
  195           1742.94           1184.03                558.91         171663.87
  196           1742.94           1180.19                562.75         171101.12
  197           1742.94           1176.32                566.62         170534.51
  198           1742.94           1172.42                570.51         169963.99
  199           1742.94           1168.50                574.44         169389.56
  200           1742.94           1164.55                578.39         168811.17
  201           1742.94           1160.58                582.36         168228.81
  202           1742.94           1156.57                586.37         167642.44
  203           1742.94           1152.54                590.40         167052.05
  204           1742.94           1148.48                594.46         166457.59
  205           1742.94           1144.40                598.54         165859.05
  206           1742.94           1140.28                602.66         165256.39
  207           1742.94           1136.14                606.80         164649.59
  208           1742.94           1131.97                610.97         164038.62
  209           1742.94           1127.77                615.17         163423.44
  210           1742.94           1123.54                619.40         162804.04
  211           1742.94           1119.28                623.66         162180.38
  212           1742.94           1114.99                627.95         161552.43
  213           1742.94           1110.67                632.27         160920.17
  214           1742.94           1106.33                636.61         160283.55
  215           1742.94           1101.95                640.99         159642.57
  216           1742.94           1097.54                645.40         158997.17
  217           1742.94           1093.11                649.83         158347.34
  218           1742.94           1088.64                654.30         157693.04
  219           1742.94           1084.14                658.80         157034.24
  220           1742.94           1079.61                663.33         156370.91
  221           1742.94           1075.05                667.89         155703.02
  222           1742.94           1070.46                672.48         155030.54
  223           1742.94           1065.83                677.10         154353.44
  224           1742.94           1061.18                681.76         153671.68
  225           1742.94           1056.49                686.45         152985.23
  226           1742.94           1051.77                691.17         152294.07
  227           1742.94           1047.02                695.92         151598.15
  228           1742.94           1042.24                700.70         150897.45
  229           1742.94           1037.42                705.52         150191.93
  230           1742.94           1032.57                710.37         149481.56
  231           1742.94           1027.69                715.25         148766.31
  232           1742.94           1022.77                720.17         148046.14
  233           1742.94           1017.82                725.12         147321.02
  234           1742.94           1012.83                730.11         146590.91
  235           1742.94           1007.81                735.13         145855.78
  236           1742.94           1002.76                740.18         145115.60
  237           1742.94            997.67                745.27         144370.34
  238           1742.94            992.55                750.39         143619.94
  239           1742.94            987.39                755.55         142864.39
  240           1742.94            982.19                760.75         142103.65
  241           1742.94            976.96                765.98         141337.67
  242           1742.94            971.70                771.24         140566.43
  243           1742.94            966.39                776.54         139789.88
  244           1742.94            961.06                781.88         139008.00
  245           1742.94            955.68                787.26         138220.74
  246           1742.94            950.27                792.67         137428.07
  247           1742.94            944.82                798.12         136629.95
  248           1742.94            939.33                803.61         135826.34
  249           1742.94            933.81                809.13         135017.21
  250           1742.94            928.24                814.70         134202.52
  251           1742.94            922.64                820.30         133382.22
  252           1742.94            917.00                825.94         132556.28
  253           1742.94            911.32                831.61         131724.67
  254           1742.94            905.61                837.33         130887.34
  255           1742.94            899.85                843.09         130044.25
  256           1742.94            894.05                848.88         129195.37
  257           1742.94            888.22                854.72         128340.65
  258           1742.94            882.34                860.60         127480.05
  259           1742.94            876.43                866.51         126613.54
  260           1742.94            870.47                872.47         125741.06
  261           1742.94            864.47                878.47         124862.60
  262           1742.94            858.43                884.51         123978.09
  263           1742.94            852.35                890.59         123087.50
  264           1742.94            846.23                896.71         122190.79
  265           1742.94            840.06                902.88         121287.91
  266           1742.94            833.85                909.08         120378.83
  267           1742.94            827.60                915.33         119463.49
  268           1742.94            821.31                921.63         118541.86
  269           1742.94            814.98                927.96         117613.90
  270           1742.94            808.60                934.34         116679.56
  271           1742.94            802.17                940.77         115738.79
  272           1742.94            795.70                947.23         114791.56
  273           1742.94            789.19                953.75         113837.81
  274           1742.94            782.63                960.30         112877.51
  275           1742.94            776.03                966.91         111910.60
  276           1742.94            769.39                973.55         110937.05
  277           1742.94            762.69                980.25         109956.80
  278           1742.94            755.95                986.99         108969.82
  279           1742.94            749.17                993.77         107976.05
  280           1742.94            742.34               1000.60         106975.44
  281           1742.94            735.46               1007.48         105967.96
  282           1742.94            728.53               1014.41         104953.55
  283           1742.94            721.56               1021.38         103932.17
  284           1742.94            714.53               1028.40         102903.76
  285           1742.94            707.46               1035.48         101868.29
  286           1742.94            700.34               1042.59         100825.69
  287           1742.94            693.18               1049.76          99775.93
  288           1742.94            685.96               1056.98          98718.95
  289           1742.94            678.69               1064.25          97654.71
  290           1742.94            671.38               1071.56          96583.15
  291           1742.94            664.01               1078.93          95504.22
  292           1742.94            656.59               1086.35          94417.87
  293           1742.94            649.12               1093.82          93324.05
  294           1742.94            641.60               1101.34          92222.72
  295           1742.94            634.03               1108.91          91113.81
  296           1742.94            626.41               1116.53          89997.28
  297           1742.94            618.73               1124.21          88873.07
  298           1742.94            611.00               1131.94          87741.14
  299           1742.94            603.22               1139.72          86601.42
  300           1742.94            595.38               1147.55          85453.86
  301           1742.94            587.50               1155.44          84298.42
  302           1742.94            579.55               1163.39          83135.03
  303           1742.94            571.55               1171.39          81963.65
  304           1742.94            563.50               1179.44          80784.21
  305           1742.94            555.39               1187.55          79596.66
  306           1742.94            547.23               1195.71          78400.95
  307           1742.94            539.01               1203.93          77197.02
  308           1742.94            530.73               1212.21          75984.81
  309           1742.94            522.40               1220.54          74764.27
  310           1742.94            514.00               1228.93          73535.33
  311           1742.94            505.56               1237.38          72297.95
  312           1742.94            497.05               1245.89          71052.06
  313           1742.94            488.48               1254.46          69797.61
  314           1742.94            479.86               1263.08          68534.53
  315           1742.94            471.17               1271.76          67262.76
  316           1742.94            462.43               1280.51          65982.25
  317           1742.94            453.63               1289.31          64692.94
  318           1742.94            444.76               1298.17          63394.77
  319           1742.94            435.84               1307.10          62087.67
  320           1742.94            426.85               1316.09          60771.58
  321           1742.94            417.80               1325.13          59446.45
  322           1742.94            408.69               1334.24          58112.21
  323           1742.94            399.52               1343.42          56768.79
  324           1742.94            390.29               1352.65          55416.14
  325           1742.94            380.99               1361.95          54054.18
  326           1742.94            371.62               1371.32          52682.87
  327           1742.94            362.19               1380.74          51302.12
  328           1742.94            352.70               1390.24          49911.89
  329           1742.94            343.14               1399.79          48512.09
  330           1742.94            333.52               1409.42          47102.67
  331           1742.94            323.83               1419.11          45683.57
  332           1742.94            314.07               1428.86          44254.70
  333           1742.94            304.25               1438.69          42816.02
  334           1742.94            294.36               1448.58          41367.44
  335           1742.94            284.40               1458.54          39908.90
  336           1742.94            274.37               1468.56          38440.34
  337           1742.94            264.28               1478.66          36961.67
  338           1742.94            254.11               1488.83          35472.85
  339           1742.94            243.88               1499.06          33973.78
  340           1742.94            233.57               1509.37          32464.42
  341           1742.94            223.19               1519.75          30944.67
  342           1742.94            212.74               1530.19          29414.48
  343           1742.94            202.22               1540.71          27873.76
  344           1742.94            191.63               1551.31          26322.46
  345           1742.94            180.97               1561.97          24760.48
  346           1742.94            170.23               1572.71          23187.77
  347           1742.94            159.42               1583.52          21604.25
  348           1742.94            148.53               1594.41          20009.84
  349           1742.94            137.57               1605.37          18404.47
  350           1742.94            126.53               1616.41          16788.06
  351           1742.94            115.42               1627.52          15160.54
  352           1742.94            104.23               1638.71          13521.83
  353           1742.94             92.96               1649.98          11871.86
  354           1742.94             81.62               1661.32          10210.54
  355           1742.94             70.20               1672.74           8537.80
  356           1742.94             58.70               1684.24           6853.56
  357           1742.94             47.12               1695.82           5157.73
  358           1742.94             35.46               1707.48           3450.26
  359           1742.94             23.72               1719.22           1731.04
  360           1742.94             11.90               1731.04             -0.00
